score sigma {'flow_a': np.float64(0.932), 'flow_b': np.float64(0.712), 'speed_a': np.float64(1.292), 'speed_b': np.float64(1.024)}

== R1
[  0- 40) recovery                                               
   obs last10  [ 0.    0.   48.89 48.99]  med20 [ 0.    0.   48.88 48.91]  mean20 [ 0.    0.   48.89 48.91]
   v1  last10  [ 0.    0.   49.52 49.19]  mean20 [ 0.    0.   49.36 48.91]  err/sig(mean20) [-0.   -0.    0.37  0.01]
   loss [ 0.   0.1 13.4 17.2] tr [0.  0.  6.9 9.9] lvl [0. 0. 2. 0.] bias/sig [-0.   -0.    0.31 -0.03] score [0.999 0.999 0.666 0.571]
[ 40-105) ramp1                                                  
   obs last10  [12.1  11.9  31.45 30.55]  med20 [12.08 11.92 31.42 30.53]  mean20 [12.08 11.92 31.42 30.55]
   v1  last10  [11.83 12.26 30.68 30.16]  mean20 [11.83 12.26 30.71 30.19]  err/sig(mean20) [-0.27  0.48 -0.55 -0.35]
   loss [13.7 19.5 22.9 19.4] tr [ 5.   5.2 10.3 10.9] lvl [ 7.3 11.5  4.7  3.4] bias/sig [-0.23  0.43 -0.44 -0.22] score [0.789 0.701 0.647 0.702]
[105-170) recovery                                               
   obs last10  [ 0.    0.   48.84 47.01]  med20 [ 0.    0.   48.84 47.04]  mean20 [ 0.    0.   48.86 47.04]
   v1  last10  [ 0.    0.   49.61 49.41]  mean20 [ 0.    0.   49.55 49.35]  err/sig(mean20) [-0.   -0.    0.53  2.25]
   loss [ 6.7  6.6 21.7 35.3] tr [6.7 6.5 7.8 9.5] lvl [ 0.   0.   2.7 12.4] bias/sig [ 0.   -0.    0.36  1.98] score [0.897 0.899 0.666 0.457]
[170-210) ramp1                                                  
   obs last10  [12.29 11.7  31.38 31.48]  med20 [12.32 11.67 31.47 31.53]  mean20 [12.32 11.68 31.57 31.63]
   v1  last10  [11.83 12.26 31.16 30.64]  mean20 [11.83 12.26 31.69 31.17]  err/sig(mean20) [-0.53  0.82  0.09 -0.45]
   loss [12.6 15.8 13.9 15.4] tr [1.7 2.7 7.4 7.3] lvl [ 7.5 10.3  0.1  0.2] bias/sig [-0.53  0.82  0.03 -0.22] score [0.686 0.605 0.652 0.615]
[210-285) sig0.15 ramp1                                          
   obs last10  [11.17 12.82 25.89 30.66]  med20 [11.2  12.81 25.92 30.66]  mean20 [11.19 12.81 25.9  30.65]
   v1  last10  [11.83 12.26 25.82 30.46]  mean20 [11.83 12.26 25.82 30.46]  err/sig(mean20) [ 0.68 -0.76 -0.06 -0.19]
   loss [22.6 26.2  6.8 26.2] tr [ 5.5  7.6  3.5 13. ] lvl [9.6 8.8 0.  6.3] bias/sig [ 0.55 -0.61  0.   -0.25] score [0.698 0.651 0.909 0.65 ]
[285-335) ramp1                                                  
   obs last10  [11.84 12.17 30.33 29.41]  med20 [11.79 12.26 30.36 29.38]  mean20 [11.77 12.25 30.37 29.38]
   v1  last10  [11.83 12.26 30.62 30.13]  mean20 [11.83 12.26 30.59 30.13]  err/sig(mean20) [0.07 0.02 0.17 0.73]
   loss [12.9 13.9 11.6 20.6] tr [6.8 7.3 7.2 6.2] lvl [ 0.8  0.2  1.1 12.9] bias/sig [ 0.18 -0.15  0.11  0.74] score [0.742 0.722 0.769 0.588]
[335-375) lane0.65 ramp1                                         
   obs last10  [12.1  11.92 30.27 29.45]  med20 [12.08 11.93 30.3  29.42]  mean20 [12.08 11.93 30.3  29.44]
   v1  last10  [11.83 12.26 30.65 30.13]  mean20 [11.83 12.26 30.65 30.13]  err/sig(mean20) [-0.27  0.47  0.27  0.67]
   loss [ 7.  11.4  8.2 16. ] tr [1.5 3.  2.5 5.2] lvl [4.7 7.5 4.7 9.7] bias/sig [-0.25  0.46  0.26  0.68] score [0.826 0.715 0.796 0.599]
[375-390) ramp1                                                  
   obs last10  [12.13 11.88 30.32 29.48]  med20 [12.13 11.89 30.29 29.47]  mean20 [12.13 11.88 30.29 29.47]
   v1  last10  [11.83 12.26 30.65 30.13]  mean20 [11.83 12.26 30.65 30.13]  err/sig(mean20) [-0.32  0.53  0.28  0.64]
   loss [3.6 5.2 3.2 5.8] tr [1.2 1.7 1.2 2. ] lvl [2.2 3.2 1.7 3.2] bias/sig [-0.32  0.55  0.28  0.63] score [0.757 0.653 0.784 0.611]
[390-430) ramp1 clr0                                             
   obs last10  [12.15 11.86 30.29 29.48]  med20 [12.15 11.86 30.31 29.49]  mean20 [12.15 11.86 30.28 29.49]
   v1  last10  [11.83 12.26 30.65 30.13]  mean20 [11.83 12.26 30.65 30.13]  err/sig(mean20) [-0.35  0.56  0.29  0.62]
   loss [10.1 14.3  8.8 15.5] tr [3.2 4.6 2.9 5. ] lvl [6.5 8.9 4.9 9.2] bias/sig [-0.34  0.56  0.26  0.64] score [0.747 0.643 0.78  0.613]
[430-495) toll0 ramp1                                            
   obs last10  [19.38 12.36 11.72 15.14]  med20 [17.44 11.75 12.22 15.17]  mean20 [20.12 12.69 12.22 15.24]
   v1  last10  [13.37  9.73  8.55 14.72]  mean20 [13.37  9.73  8.78 14.78]  err/sig(mean20) [-7.24 -4.16 -2.66 -0.45]
   loss [51.5 50.8 34.4 22.9] tr [11.1 12.2  3.9 11.7] lvl [ 1.2  0.8 16.2  2.6] bias/sig [-5.09 -2.57 -2.72 -0.28] score [0.208 0.219 0.471 0.648]
[495-525) toll0 ramp1 frt1                                       
   obs last10  [17.29 10.36  8.78 15.13]  med20 [15.72 13.43  9.26 15.12]  mean20 [17.28 11.96  9.23 15.13]
   v1  last10  [12.92  9.58  8.28 14.61]  mean20 [12.83  9.51  8.29 14.59]  err/sig(mean20) [-4.77 -3.43 -0.73 -0.52]
   loss [26.3 25.6 13.8  9.9] tr [8.7 8.3 6.1 3.3] lvl [0.7 1.5 2.9 3.6] bias/sig [-3.02 -5.52 -0.76 -0.52] score [0.123 0.147 0.54  0.671]
[525-555) lane0.65 toll0 ramp1                                   
   obs last10  [24.67 13.14  8.54 15.15]  med20 [25.5  12.1   8.42 15.1 ]  mean20 [22.73 12.69  8.44 15.11]
   v1  last10  [13.66  9.69  8.36 14.67]  mean20 [13.72  9.75  8.36 14.69]  err/sig(mean20) [-9.67 -4.12 -0.06 -0.41]
   loss [26.1 23.2  3.1  7.6] tr [8.5 8.6 1.2 1.8] lvl [3.2 0.  0.1 4.4] bias/sig [-12.73  -3.25  -0.05  -0.4 ] score [0.129 0.225 0.898 0.747]
[555-585) toll0 ramp1 clr0                                       
   obs last10  [13.43 11.7  10.27 15.65]  med20 [19.09 12.56 10.31 15.64]  mean20 [16.69 12.5  10.31 15.62]
   v1  last10  [16.92 11.14  8.64 15.04]  mean20 [16.92 11.13  8.62 15.02]  err/sig(mean20) [ 0.25 -1.93 -1.31 -0.59]
   loss [24.  23.1 14.9  9.6] tr [8.1 7.9 3.7 2.2] lvl [0.  0.5 9.1 5.8] bias/sig [-2.32 -2.01 -1.29 -0.58] score [0.199 0.229 0.502 0.682]
[585-605) toll0 ramp1                                            
   obs last10  [19.15 14.06  8.9  15.2 ]  med20 [17.53 11.48  8.87 15.22]  mean20 [17.63 12.82  8.96 15.28]
   v1  last10  [13.41  9.73  8.39 14.73]  mean20 [13.43  9.68  8.45 14.8 ]  err/sig(mean20) [-4.51 -4.41 -0.4  -0.47]
   loss [17.3 16.4  5.4  6.1] tr [5.3 5.  2.1 2. ] lvl [0.9 0.5 1.7 2.4] bias/sig [-4.42 -1.97 -0.32 -0.42] score [0.136 0.18  0.73  0.695]
[605-700) ramp1                                                  
   obs last10  [12.01 12.02 30.21 15.05]  med20 [11.88 12.75 29.96 14.92]  mean20 [13.26 12.14 29.21 14.97]
   v1  last10  [13.24 12.23 29.11 18.  ]  mean20 [12.63 12.16 28.14 17.87]  err/sig(mean20) [-0.68  0.02 -0.83  2.83]
   loss [69.3 64.3 41.6 57.3] tr [16.3 15.3  4.7  5.2] lvl [ 0.  10.8  6.4 32.9] bias/sig [-0.15 -1.32  0.99  2.56] score [0.27  0.324 0.563 0.397]
[700-745) recovery                                               
   obs last10  [ 0.    0.   48.88 46.61]  med20 [ 0.    0.   48.84 46.43]  mean20 [ 0.    0.   48.74 45.86]
   v1  last10  [ 0.    0.   49.12 47.34]  mean20 [ 0.    0.   48.56 45.23]  err/sig(mean20) [-0.   -0.   -0.14 -0.61]
   loss [ 7.4 15.3 15.9 27.7] tr [ 6.5  9.6  6.4 10.9] lvl [0.  0.  0.  0.2] bias/sig [-0.   -0.   -0.04  0.13] score [0.835 0.659 0.647 0.385]

== R2
[  0- 30) recovery                                               
   obs last10  [ 0.    0.   48.96 48.86]  med20 [ 0.    0.   48.88 48.8 ]  mean20 [ 0.    0.   48.86 48.78]
   v1  last10  [ 0.    0.   49.3  48.83]  mean20 [ 0.    0.   48.92 48.18]  err/sig(mean20) [-0.   -0.    0.05 -0.59]
   loss [ 0.   0.   8.4 13.9] tr [0.  0.  4.7 7.1] lvl [0.  0.  0.5 0.3] bias/sig [-0.   -0.    0.13 -0.43] score [0.999 0.999 0.719 0.537]
[ 30- 70) ramp0.5                                                
   obs last10  [ 5.98  6.02 34.57 36.46]  med20 [ 6.    6.   34.68 36.54]  mean20 [ 5.99  6.01 34.75 36.58]
   v1  last10  [ 5.91  6.13 34.88 34.24]  mean20 [ 5.91  6.13 35.31 34.67]  err/sig(mean20) [-0.09  0.18  0.43 -1.86]
   loss [ 5.1  5.9 16.  26.2] tr [1.5 1.6 7.9 9.5] lvl [1.6 3.5 2.6 9.8] bias/sig [-0.09  0.19  0.34 -1.73] score [0.872 0.854 0.599 0.344]
[ 70-115) sig0.9 ramp0.5                                         
   obs last10  [ 6.22  5.78 35.46 29.89]  med20 [ 6.18  5.81 35.49 29.97]  mean20 [ 6.17  5.69 35.48 30.2 ]
   v1  last10  [ 6.13  5.88 35.55 30.34]  mean20 [ 6.2   5.77 35.56 30.44]  err/sig(mean20) [0.03 0.11 0.06 0.24]
   loss [10.9 10.6  4.1 11.3] tr [1.5 3.2 1.3 3.1] lvl [1.8 0.1 0.  0.6] bias/sig [ 0.47  0.02 -0.01  0.2 ] score [0.758 0.765 0.909 0.749]
[115-170) toll0 ramp0.72                                         
   obs last10  [19.65 14.54 12.74 15.32]  med20 [19.07  8.76 13.91 15.38]  mean20 [18.2  12.31 13.8  15.49]
   v1  last10  [15.24  9.73 13.77 15.61]  mean20 [15.87  9.73 15.37 15.86]  err/sig(mean20) [-2.5  -3.63  1.22  0.36]
   loss [42.1 42.6 22.3 18.2] tr [ 9.4 10.3  4.6  9.4] lvl [3.7 1.8 6.1 0.9] bias/sig [-4.1   2.93  1.1   0.28] score [0.235 0.226 0.595 0.669]
[170-370) sig0.15 lane0.65 toll0 ramp1 frt1 clr0                 
   obs last10  [ 6.66 12.85  6.08 16.13]  med20 [ 6.66 13.1   6.09 16.13]  mean20 [ 6.66 12.96  6.09 16.13]
   v1  last10  [ 7.28 13.48  6.99 15.72]  mean20 [ 7.28 13.48  6.99 15.72]  err/sig(mean20) [ 0.67  0.73  0.7  -0.4 ]
   loss [107.  153.5  77.1  46.5] tr [18.5 16.4  8.2  3.9] lvl [17.6  6.7 29.6 28.3] bias/sig [ 0.55  1.81  0.54 -0.34] score [0.465 0.233 0.614 0.767]
[370-410) recovery                                               
   obs last10  [ 8.55  0.   32.07 47.72]  med20 [ 8.26  0.   18.85 45.38]  mean20 [13.8   2.59 23.18 40.89]
   v1  last10  [ 9.76  0.   27.84 44.08]  mean20 [13.62  2.31 20.94 38.77]  err/sig(mean20) [-0.2  -0.4  -1.73 -2.07]
   loss [29.9 18.9 16.5 26. ] tr [11.4  9.   4.8  7.7] lvl [0.  0.  0.  1.4] bias/sig [ 0.   -0.   -0.21 -2.38] score [0.252 0.526 0.588 0.349]
[410-470) sig0.15 lane0.65 toll0 ramp1 frt1 clr0                 
   obs last10  [ 7.14 10.05  8.94 15.83]  med20 [ 6.5   8.36  9.62 16.36]  mean20 [ 7.21 13.07  9.65 16.18]
   v1  last10  [ 7.06 13.48  7.18 15.86]  mean20 [ 7.04 13.48  7.44 16.01]  err/sig(mean20) [-0.18  0.58 -1.71 -0.17]
   loss [35.7 45.1 38.8 30.4] tr [ 7.1  8.6 13.  16.3] lvl [ 2.   2.4 12.3  0.1] bias/sig [ 1.04  6.06 -2.06  0.2 ] score [0.406 0.249 0.353 0.493]
[470-500) sig0.85 lane0.65 toll0 frt1 clr0                       
   obs last10  [20.62  5.09 15.08 13.  ]  med20 [21.15  3.42 13.06 13.06]  mean20 [20.58  4.18 13.23 13.31]
   v1  last10  [16.81  3.53 15.49 15.81]  mean20 [16.86  3.67 12.86 15.  ]  err/sig(mean20) [-3.99 -0.71 -0.29  1.66]
   loss [26.2 18.4 13.2 16.9] tr [9.  8.2 5.7 5. ] lvl [0.9 0.4 0.7 3.3] bias/sig [-5.17  0.26 -0.3   2.14] score [0.128 0.387 0.56  0.436]

== R3
[  0- 55) toll2.5 ramp1                                          
   obs last10  [17.57 11.51 25.28 15.73]  med20 [21.96 13.32 26.59 16.07]  mean20 [19.41 12.92 26.17 16.25]
   v1  last10  [21.94 11.05 25.63 16.37]  mean20 [21.99 11.05 25.98 16.75]  err/sig(mean20) [ 2.77 -2.62 -0.15  0.49]
   loss [26.5 35.5 19.4 22.9] tr [ 5.7  4.7 11.  11.3] lvl [2.9 3.  0.1 5.1] bias/sig [ 0.8  -2.43 -0.13  0.45] score [0.518 0.355 0.648 0.583]
